ink:
0.01[50:100]: 2, -8, 0, 1, 3, 5, 10, 2, 3, 1, 7, 0, 7, -4, 1, -5, -1, -2, 8, -2, 1, 0, -5, -3, -4, -5, 0, 2, 7, 5, -11, -2, -1, -11, -2, 0, -1, 2, -4, 4, -3, 2, 1, -1, 1, -3, 0, -1, 1, 15
0.02[70:120]: -1, 0, 0, 2, -7, 3, -7, 6, -5, 2, 0, 4, -2, 3, -7, -7, -5, 10, -5, -4, 6, 13, -5, 2, 1, -11, 0, -2, -1, 13, -1, 0, -2, 8, 1, 2, 1, 12, -2, 8, 5, -3, 0, -1, -1, 4, -6, 2, 3, -4
0.05[70:120]: 3, -2, 0, 3, 6, 0, -3, 0, 7, 0, 1, 7, 8, -4, 0, 1, 1, -14, 0, -6, -4, 2, -2, 2, 0, 5, 0, -1, -8, 0, -1, 2, -4, -2, -3, 0, 6, 5, 1, 1, -2, 1, 0, 4, 1, -2, -10, 0, -4, 6
0.10[20:70]: 594, 601, 609, 596, 605, 605, 598, 601, 594, 601, 595, 598, 614, 594, 607, 588, 600, 595, 609, 604, 610, 596, 597, 593, 608, 610, 608, 599, 608, 588, 616, 611, 617, 609, 613, 599, 615, 604, 603, 606, 616, 604, 611, 598, 607, 601, 613, 612, 606, 607
0.25[40:90]: 785, 772, 782, 787, 779, 775, 781, 784, 783, 780, 773, 780, 770, 773, 773, 780, 775, 777, 777, 777, 778, 778, 781, 783, 783, 780, 781, 788, 777, 782, 780, 774, 783, 779, 779, 771, 785, 789, 775, 790, 785, 784, 789, 787, 795, 774, 784, 784, 787, 789
0.50[50:100]: 869, 861, 863, 851, 872, 850, 851, 860, 855, 847, 860, 864, 856, 840, 840, 869, 852, 848, 856, 871, 860, 852, 860, 859, 859, 865, 852, 852, 854, 863, 867, 849, 865, 865, 851, 859, 854, 856, 862, 865, 857, 845, 875, 861, 851, 859, 869, 854, 857, 859
0.75[80:130]: 869, 871, 879, 867, 867, 864, 856, 875, 858, 873, 884, 856, 872, 866, 872, 853, 871, 855, 863, 859, 881, 869, 874, 866, 862, 861, 874, 874, 863, 863, 868, 862, 866, 874, 872, 867, 874, 878, 858, 875, 864, 881, 876, 860, 862, 867, 860, 869, 878, 855
1.00[50:100]: 877, 878, 880, 878, 874, 878, 891, 876, 888, 888, 869, 885, 882, 887, 871, 873, 887, 882, 886, 894, 889, 874, 882, 874, 888, 885, 890, 891, 881, 868, 880, 883, 887, 874, 887, 883, 889, 886, 868, 874, 876, 881, 871, 881, 889, 882, 882, 867, 883, 874

length: 0.01, 0.02, 0.05, 0.10, 0.25, 0.50, 0.75, 1.00
average: 0.24, 0.44, 0.02, 603.86, 780.74, 857.82, 867.66, 880.86
std: 272.54, 260.24, 182.39, 118.31, 82.54, 45.49, 42.49, 51.67

ito:
0.01[70:120]: -10, -11, 2, -3, -4, 8, 2, -5, 4, -10, 1, -3, 7, -8, 4, 9, 0, -4, 0, -7, -2, 0, 1, -4, 4, 7, 15, 4, 3, 7, -3, -3, 1, -5, 6, 2, -2, -3, 1, 9, 7, 6, -9, 1, 0, -6, 10, 1, -9, 5
0.02[100:150]: -12, -6, 5, -1, -1, -6, -2, 6, 3, 1, 7, 5, 7, -8, 3, 1, -4, -19, 2, -3, 5, 3, 6, -1, 0, -4, -5, 7, -1, -3, 4, -1, 2, 2, 8, -3, -5, 7, 0, 5, 5, 4, -8, -7, 1, 11, 7, -2, 6, 1
0.05[200:250]: 2, 2, -6, -5, -3, -1, -8, -15, 6, -1, -9, 3, 10, -3, -4, -3, -7, -3, 4, 6, -1, 1, 10, 13, -1, 1, 7, 1, -6, 4, 5, 1, 6, 2, -2, 0, -10, -5, 13, 1, 4, 2, -2, 2, 3, 16, 12, 0, 7, 0
0.10[100:150]: 594, 585, 571, 584, 596, 584, 586, 592, 584, 594, 598, 589, 604, 580, 579, 598, 580, 584, 591, 582, 583, 581, 597, 581, 584, 591, 574, 583, 576, 593, 589, 584, 583, 587, 588, 579, 591, 577, 591, 601, 578, 586, 586, 597, 588, 574, 584, 587, 584, 578
0.25[80:130]: 775, 775, 782, 785, 773, 780, 782, 779, 771, 778, 781, 781, 786, 781, 771, 776, 784, 773, 790, 775, 780, 773, 797, 785, 774, 788, 793, 798, 777, 778, 796, 781, 785, 782, 779, 773, 779, 776, 786, 788, 791, 785, 785, 794, 774, 783, 780, 772, 774, 784
0.50[130:180]: 911, 906, 897, 886, 892, 902, 899, 909, 902, 922, 900, 902, 905, 907, 902, 903, 903, 915, 910, 910, 910, 905, 905, 902, 911, 905, 902, 905, 890, 895, 907, 897, 908, 921, 905, 899, 896, 912, 896, 914, 902, 916, 905, 906, 902, 901, 902, 887, 904, 911
0.75[100:150]: 934, 951, 938, 947, 963, 954, 964, 945, 957, 939, 943, 944, 953, 952, 960, 942, 932, 950, 945, 941, 949, 950, 949, 944, 948, 952, 934, 943, 935, 957, 955, 958, 949, 940, 946, 972, 936, 948, 952, 965, 959, 954, 967, 947, 948, 946, 948, 949, 943, 960
1.00[70:120]: 961, 957, 965, 978, 981, 951, 964, 965, 961, 957, 956, 971, 976, 958, 948, 974, 965, 972, 963, 962, 979, 947, 963, 971, 975, 968, 950, 949, 956, 966, 975, 973, 977, 965, 971, 985, 965, 964, 970, 957, 971, 974, 976, 964, 958, 971, 964, 963, 959, 957

length: 0.01, 0.02, 0.05, 0.10, 0.25, 0.50, 0.75, 1.00
average: 0.32, 0.44, 0.98, 586.20, 781.36, 904.08, 949.14, 965.36
std: 323.86, 318.10, 261.35, 172.95, 124.14, 57.87, 44.99, 43.17

copper:
0.01[100:150]: 4, 13, 10, 0, -2, 10, 10, -3, 1, 5, 1, -6, 1, 3, -1, -3, -2, 0, 10, 1, 4, 1, -1, 1, -5, -2, 7, 5, -2, 2, -1, 3, -1, -10, -4, -1, 3, -1, 1, -3, -1, -9, 5, -11, -1, 11, -4, -7, 6, 3
0.02[150:200]: -6, 2, 6, -1, 11, -11, 3, 6, 3, 2, -13, -5, 2, 5, 1, 3, -2, -6, 0, 10, 0, -7, 9, 6, -4, 0, -9, 9, 6, 3, 7, -3, -1, 16, 5, 8, 3, 7, 2, 0, -8, -6, 8, 3, -3, 5, 4, -10, 0, -5
0.05[150:200]: 3, 1, 8, 2, 11, -1, -4, 2, 7, -4, -10, 4, 7, -5, -1, -3, 3, -7, 2, -1, -6, -5, 1, 2, 4, -12, 3, -5, 3, 1, -8, -2, 2, -1, -3, -2, 7, -7, 2, 16, -5, 0, 11, 2, 0, 4, 0, 1, 1, -2
0.10[80:130]: 699, 691, 695, 683, 691, 701, 696, 696, 702, 703, 701, 705, 699, 700, 695, 695, 695, 685, 700, 699, 705, 692, 699, 696, 689, 695, 699, 687, 703, 685, 699, 688, 683, 692, 695, 695, 713, 691, 701, 691, 703, 698, 694, 695, 693, 702, 708, 700, 704, 702
0.25[100:150]: 815, 808, 816, 814, 814, 805, 807, 800, 813, 820, 798, 809, 808, 805, 821, 798, 810, 818, 805, 807, 822, 808, 790, 815, 823, 809, 825, 798, 810, 814, 811, 806, 816, 805, 796, 818, 805, 807, 824, 817, 813, 807, 825, 798, 813, 824, 810, 807, 812, 807
0.50[200:250]: 926, 921, 930, 922, 916, 930, 924, 926, 919, 918, 917, 927, 926, 913, 924, 920, 919, 914, 926, 916, 927, 921, 908, 922, 917, 925, 936, 924, 933, 927, 917, 926, 919, 919, 934, 925, 931, 926, 930, 934, 920, 924, 915, 915, 926, 926, 922, 915, 922, 921
0.75[200:250]: 941, 927, 930, 934, 935, 941, 942, 933, 936, 930, 930, 928, 928, 933, 935, 931, 936, 938, 928, 931, 941, 937, 928, 939, 934, 933, 936, 933, 942, 934, 930, 937, 934, 925, 927, 936, 933, 927, 936, 932, 932, 924, 937, 937, 929, 942, 926, 938, 932, 940
1.00[100:150]: 943, 939, 927, 931, 944, 937, 928, 939, 945, 930, 943, 920, 940, 938, 943, 944, 939, 930, 936, 925, 934, 919, 934, 935, 947, 931, 945, 939, 950, 931, 937, 947, 942, 934, 923, 925, 945, 937, 926, 924, 940, 930, 938, 926, 936, 937, 928, 948, 938, 941

length: 0.01, 0.02, 0.05, 0.10, 0.25, 0.50, 0.75, 1.00
average: 0.8, 1.1, 0.32, 696.56, 810.52, 922.82, 933.56, 935.76
std: 393.05, 300.36, 199.42, 108.56, 53.94, 39.39, 41.16, 33.93
